174
180
232
241
257
271
279
332
333
334
339
365
366
371
373
388
408
419
426
472
499
504
527
537
549
553
558
564
569
584
611
618
625
636
651
654
662
664
669
674
677
680
687
702
710
718
737
738
745
746
757
762
773
775
783
800
816
820
831
841
843
857
869
882
889
898
899
920
921
922
924
927
930
933
958
986
1003
1015
1023
1026
1028
1029
1041
1045
1046
1051
1058
1064
1067
1070
1072
1075
1078
1094
1142
1146
1149
1155
1158
1171
1207
1235
1246
1254
1295
1314
1319
1323
1338
1344
1349
1367
1392
1394
1397
1402
1403
1409
1410
1427
1438
1455
1459
1472
1473
1492
1498
1503
1504
1506
1517
1529
1530
1532
1539
1552
1569
1580
1597
1601
1613
1617
1630
1639
1650
1656
1672
1677
1686
1713
1716
1717
1733
1741
1744
1759
1763
1782
1788
1790
1798
1804
1805
1807
1808
1816
1828
1835
1843
1844
1860
1877
1880
1881
1882
1886
1895
1923
1924
1928
1937
1940
1943
1971
1972
1974
2012
2013
2048
2088
2104
2105
2116
2126
2127
2129
2136
2138
2142
2143
2148
2156
2176
2205
2214
2215
2216
2236
2239
2241
2242
2247
2282
2283
2289
2294
2310
2341
2347
2379
2403
2415
2417
2430
2435
2441
2446
2450
2471
2472
2480
2484
2494
2498
2508
2509
2559
2572
2591
2596
2628
2635
2664
2677
2678
2679
2681
2703
2707
2716
2754
2761
2767
2783
2786
2792
2799
2802
2807
2818
2821
2823
2864
2919
2968
2982
3034
3036
3055
3064
3092
3109
3122
3124
3136
3138
3149
3152
3183
3189
3206
3231
3240
3247
3325
3340
3343
3362
3406
3408
3459
3463
3477
3487
3493
3529
3537
3553
3563
3581
3588
3591
3595
3598
3607
3610
3627
3630
3639
3686
3729
3758
3768
3776
3778
3784
3785
3795
3805
3820
3833
3844
3845
3872
3895
3901
3904
3984
4049
4076
4087
4095
4115
4157
4176
4187
4190
4194
4226
4252
4259
4271
4276
4286
4320
4356
4403
4428
4460
4472
4484
4490
4503
4558
4607
4617
4692
4696
4709
4728
4731
4742
4758
4782
4793
4803
4806
4835
4864
4866
4876
4884
4901
5013
5081
5120
5128
5181
5251
5258
5290
5297
5299
5307
5373
5430
5462
5471
5484
5491
5509
5555
5559
5566
5569
5571
5582
5592
5619
5692
5701
5712
5718
5730
5745
5749
5793
5802
5803
5840
5863
5884
5892
5921
5923
5961
5984
5988
6000
6043
6063
6085
6112
6128
6129
6219
6231
6255
6269
6287
6325
6351
6353
6396
6399
6476
6485
6545
6592
6620
6694
6696
6734
6740
6751
6836
6845
6907
6936
6991
7014
7026
7031
7075
7134
7142
7163
7172
7191
7200
7209
7250
7272
7401
7403
7420
7494
7508
7511
7524
7659
7666
7689
7691
7717
7741
7756
7814
7823
7891
7898
7944
7967
7973
7983
8015
8080
8084
8107
8140
8150
8164
8172
8201
8217
8380
8402
8411
8416
8486
8492
8611
8633
8671
8689
8766
8794
8809
8831
8847
8875
8877
8929
8942
9050
9200
9214
9215
9219
9296
9304
9310
9324
9366
9425
9492
9562
9600
9629
9650
9668
9675
9931
10122
10131
10178
10230
10242
10314
10324
10438
10473
10533
10556
10562
10580
10610
10628
10667
10680
10734
10771
10813
10825
10923
11110
11113
11121
11216
11235
11255
11264
11269
11362
11545
11642
11655
11752
11782
11792
11808
11822
11884
11912
11952
11987
12033
12045
12109
12117
12119
12148
12189
12208
12310
12431
12668
12750
12769
12863
12926
12941
12957
12988
13026
13095
13106
13116
13182
13204
13284
13296
13317
13380
13443
13593
13670
13722
13911
13938
13977
14018
14128
14166
14206
14327
14341
14397
14398
14525
14532
14678
14711
14784
14789
14814
14893
14929
14970
14978
15039
15042
15045
15158
15269
15305
15352
15358
15459
15652
15702
15711
15714
15716
15829
15866
16007
16073
16126
16148
16198
16290
16407
16467
16499
16610
16655
16724
16775
16875
16888
16907
17050
17241
17317
17344
17465
17507
17509
17672
17693
17753
17793
18108
18236
18309
18481
18721
19015
19169
19214
19220
19375
19427
19495
19650
20011
20040
20120
20148
20212
20231
20260
20525
20585
20649
20931
21002
21033
21342
21348
21388
21543
21784
21853
21966
22022
22087
22574
22637
22678
22841
23021
23188
23246
23324
23809
23819
23979
24051
24168
24572
24866
24870
24977
25081
25409
25413
25605
25648
25922
25950
26073
26123
26350
26410
26430
26520
26700
26870
26898
26953
27483
27513
27641
27745
27903
28238
28296
28371
28452
28504
28562
28862
28966
29211
29556
29706
29761
29816
29861
30016
30170
30317
30565
31035
31136
31328
31592
31622
31807
31945
32065
32196
33164
33665
33807
33976
34242
34310
34475
35094
35156
35243
35453
35572
35592
35778
35809
36405
36487
36504
37086
37102
37377
37575
37707
37874
38286
38874
39448
39723
39750
40515
40517
41259
41346
41783
44614
44983
